模型：<class 'sklearn.svm._classes.SVC'> 
 耗时：0.703031s 
 结果：               precision    recall  f1-score   support

           0       0.60      0.34      0.44       111
           1       0.91      0.95      0.93       389
           2       0.79      0.85      0.82       324
           3       0.82      0.86      0.84       359
           4       0.70      0.58      0.63       250
           5       0.75      0.77      0.76       332
           6       0.43      0.68      0.53       182
           7       0.00      0.00      0.00        36
           8       0.94      0.60      0.73       123
           9       0.00      0.00      0.00         4

    accuracy                           0.75      2110
   macro avg       0.59      0.56      0.57      2110
weighted avg       0.75      0.75      0.74      2110
模型：<class 'sklearn.tree._classes.DecisionTreeClassifier'> 
 耗时：0.359445s 
 结果：               precision    recall  f1-score   support

           0       0.89      0.92      0.91       111
           1       0.97      0.97      0.97       389
           2       0.96      0.93      0.95       324
           3       0.92      0.95      0.93       359
           4       0.93      0.91      0.92       250
           5       0.97      0.91      0.94       332
           6       0.90      0.91      0.90       182
           7       0.82      0.92      0.87        36
           8       0.86      0.93      0.89       123
           9       0.50      1.00      0.67         4

    accuracy                           0.93      2110
   macro avg       0.87      0.94      0.90      2110
weighted avg       0.94      0.93      0.94      2110
模型：<class 'sklearn.ensemble._forest.RandomForestClassifier'> 
 耗时：2.172574s 
 结果：               precision    recall  f1-score   support

           0       0.94      0.90      0.92       111
           1       0.99      0.98      0.98       389
           2       0.97      0.95      0.96       324
           3       0.91      0.96      0.94       359
           4       0.93      0.91      0.92       250
           5       0.95      0.95      0.95       332
           6       0.92      0.97      0.94       182
           7       0.94      0.92      0.93        36
           8       0.94      0.85      0.89       123
           9       0.67      1.00      0.80         4

    accuracy                           0.95      2110
   macro avg       0.92      0.94      0.92      2110
weighted avg       0.95      0.95      0.95      2110
